1911.0 1902.0 1894.0 1889.0 1863.0 1842.0 1813.0 1798.0 1774.0 1768.0 1761.0 1757.0 1751.0 1747.0 1740.0 1732.0 1726.0 1714.0 1705.0 1701.0
1908.0 1882.0 1870.0 1854.0 1803.0 1769.0 1724.0 1687.0 1648.0 1624.0 1608.0 1588.0 1565.0 1518.0 1506.0 1487.0 1476.0 1451.0 1435.0 1426.0
1883.0 1849.0 1815.0 1781.0 1699.0 1605.0 1521.0 1467.0 1407.0 1371.0 1353.0 1330.0 1304.0 1255.0 1243.0 1223.0 1203.0 1178.0 1160.0 1123.0
1873.0 1823.0 1776.0 1710.0 1607.0 1497.0 1404.0 1341.0 1260.0 1213.0 1178.0 1149.0 1123.0 1065.0 1052.0 1031.0 1010.0 984.0 965.0 928.0
1856.0 1745.0 1671.0 1586.0 1464.0 1338.0 1228.0 1156.0 1064.0 1016.0 975.0 941.0 915.0 857.0 841.0 821.0 808.0 784.0 764.0 737.0
1830.0 1683.0 1581.0 1454.0 1296.0 1143.0 1013.0 914.0 820.0 770.0 727.0 692.0 665.0 604.0 587.0 566.0 558.0 535.0 517.0 504.0
1819.0 1651.0 1532.0 1383.0 1209.0 1054.0 922.0 822.0 728.0 675.0 632.0 599.0 570.0 509.0 493.0 472.0 464.0 441.0 422.0 414.0
1812.0 1633.0 1510.0 1358.0 1182.0 1024.0 884.0 783.0 689.0 635.0 593.0 560.0 532.0 471.0 456.0 434.0 426.0 404.0 389.0 383.0
1808.0 1626.0 1500.0 1347.0 1168.0 1009.0 868.0 769.0 675.0 621.0 579.0 547.0 519.0 458.0 443.0 421.0 413.0 392.0 378.0 373.0
1808.0 1625.0 1498.0 1345.0 1161.0 1001.0 857.0 758.0 664.0 609.0 568.0 535.0 508.0 449.0 434.0 412.0 404.0 385.0 371.0 366.0
1807.0 1622.0 1495.0 1340.0 1149.0 987.0 844.0 745.0 652.0 596.0 555.0 523.0 498.0 439.0 426.0 404.0 396.0 376.0 362.0 358.0
1807.0 1620.0 1491.0 1335.0 1144.0 979.0 837.0 733.0 640.0 582.0 539.0 494.0 474.0 416.0 402.0 381.0 385.0 366.0 352.0 348.0
1807.0 1614.0 1485.0 1329.0 1139.0 974.0 833.0 726.0 633.0 575.0 533.0 488.0 468.0 411.0 397.0 376.0 380.0 362.0 349.0 345.0
1797.0 1600.0 1471.0 1316.0 1129.0 971.0 827.0 720.0 629.0 570.0 528.0 484.0 464.0 407.0 393.0 385.0 389.0 371.0 358.0 355.0
1795.0 1596.0 1467.0 1311.0 1124.0 968.0 825.0 717.0 627.0 569.0 527.0 482.0 454.0 397.0 383.0 378.0 382.0 364.0 351.0 348.0
1789.0 1590.0 1459.0 1300.0 1110.0 965.0 824.0 716.0 626.0 574.0 531.0 486.0 458.0 401.0 387.0 384.0 388.0 371.0 358.0 355.0
1788.0 1585.0 1451.0 1290.0 1098.0 967.0 833.0 729.0 643.0 591.0 547.0 502.0 474.0 417.0 403.0 401.0 405.0 388.0 376.0 373.0
1788.0 1582.0 1448.0 1283.0 1090.0 970.0 842.0 738.0 654.0 602.0 557.0 512.0 484.0 428.0 414.0 412.0 416.0 399.0 388.0 385.0
1788.0 1579.0 1445.0 1280.0 1087.0 971.0 846.0 742.0 660.0 608.0 563.0 518.0 490.0 434.0 420.0 419.0 423.0 405.0 393.0 392.0
1788.0 1578.0 1444.0 1279.0 1085.0 970.0 845.0 741.0 660.0 608.0 563.0 518.0 490.0 434.0 419.0 419.0 423.0 405.0 393.0 392.0
