1581.0 1581.0 1581.0 1581.0 1581.0 1581.0 1581.0 1581.0 1581.0 1581.0 1581.0 1581.0 1581.0 1581.0 1581.0 1581.0 1581.0 1581.0 1581.0 1581.0
1581.0 1581.0 1581.0 1581.0 1581.0 1581.0 1581.0 1581.0 1581.0 1581.0 1581.0 1581.0 1581.0 1581.0 1581.0 1581.0 1581.0 1581.0 1581.0 1581.0
1581.0 1581.0 1581.0 1581.0 1581.0 1581.0 1581.0 1581.0 1581.0 1581.0 1581.0 1581.0 1581.0 1581.0 1581.0 1581.0 1581.0 1581.0 1581.0 1581.0
1581.0 1581.0 1581.0 1581.0 1581.0 1581.0 1581.0 1581.0 1581.0 1581.0 1581.0 1581.0 1581.0 1581.0 1581.0 1581.0 1581.0 1581.0 1581.0 1581.0
1581.0 1581.0 1581.0 1581.0 1581.0 1581.0 1581.0 1581.0 1581.0 1581.0 1581.0 1581.0 1581.0 1581.0 1581.0 1581.0 1581.0 1581.0 1581.0 1581.0
1581.0 1581.0 1581.0 1581.0 1581.0 1581.0 1581.0 1581.0 1581.0 1581.0 1581.0 1581.0 1581.0 1581.0 1581.0 1581.0 1581.0 1581.0 1581.0 1581.0
1581.0 1581.0 1581.0 1581.0 1581.0 1581.0 1581.0 1581.0 1581.0 1581.0 1581.0 1581.0 1581.0 1581.0 1581.0 1581.0 1581.0 1581.0 1581.0 1581.0
1581.0 1581.0 1581.0 1581.0 1581.0 1581.0 1581.0 1581.0 1581.0 1581.0 1581.0 1581.0 1581.0 1581.0 1581.0 1581.0 1581.0 1581.0 1581.0 1581.0
1581.0 1581.0 1581.0 1581.0 1581.0 1581.0 1581.0 1581.0 1581.0 1581.0 1581.0 1581.0 1581.0 1581.0 1581.0 1581.0 1581.0 1581.0 1581.0 1581.0
1581.0 1581.0 1581.0 1581.0 1581.0 1581.0 1581.0 1581.0 1581.0 1581.0 1581.0 1581.0 1581.0 1581.0 1581.0 1581.0 1581.0 1581.0 1581.0 1581.0
1581.0 1581.0 1581.0 1581.0 1581.0 1581.0 1581.0 1581.0 1581.0 1581.0 1581.0 1581.0 1581.0 1581.0 1581.0 1581.0 1581.0 1581.0 1581.0 1581.0
1581.0 1581.0 1581.0 1581.0 1581.0 1581.0 1581.0 1581.0 1581.0 1581.0 1581.0 1581.0 1581.0 1581.0 1581.0 1581.0 1581.0 1581.0 1581.0 1581.0
1581.0 1581.0 1581.0 1581.0 1581.0 1581.0 1581.0 1581.0 1581.0 1581.0 1581.0 1581.0 1581.0 1581.0 1581.0 1581.0 1581.0 1581.0 1581.0 1581.0
1581.0 1581.0 1581.0 1581.0 1581.0 1581.0 1581.0 1581.0 1581.0 1581.0 1581.0 1581.0 1581.0 1581.0 1581.0 1581.0 1581.0 1581.0 1581.0 1581.0
1581.0 1581.0 1581.0 1581.0 1581.0 1581.0 1581.0 1581.0 1581.0 1581.0 1581.0 1581.0 1581.0 1581.0 1581.0 1581.0 1581.0 1581.0 1581.0 1581.0
1581.0 1581.0 1581.0 1581.0 1581.0 1581.0 1581.0 1581.0 1581.0 1581.0 1581.0 1581.0 1581.0 1581.0 1581.0 1581.0 1581.0 1581.0 1581.0 1581.0
1581.0 1581.0 1581.0 1581.0 1581.0 1581.0 1581.0 1581.0 1581.0 1581.0 1581.0 1581.0 1581.0 1581.0 1581.0 1581.0 1581.0 1581.0 1581.0 1581.0
1581.0 1581.0 1581.0 1581.0 1581.0 1581.0 1581.0 1581.0 1581.0 1581.0 1581.0 1581.0 1581.0 1581.0 1581.0 1581.0 1581.0 1581.0 1581.0 1581.0
1581.0 1581.0 1581.0 1581.0 1581.0 1581.0 1581.0 1581.0 1581.0 1581.0 1581.0 1581.0 1581.0 1581.0 1581.0 1581.0 1581.0 1581.0 1581.0 1581.0
1581.0 1581.0 1581.0 1581.0 1581.0 1581.0 1581.0 1581.0 1581.0 1581.0 1581.0 1581.0 1581.0 1581.0 1581.0 1581.0 1581.0 1581.0 1581.0 1581.0
