0.0 0.037875314089482456 0.09256980466690727 0.14574227249073884 0.5641291680365225 1.0616221581801315 1.9318506696089321 2.528719416343276 3.7892734366942786 4.169862380054839 4.7108747318972375 5.076098978578722 5.7542652511016215 6.242622734130087 7.265767880492367 8.612363269077838 9.752301851107944 12.23981249717103 14.413250662714177 15.468902843886909
0.05861250610968546 0.34069506142062134 0.46844890810475687 0.7556979645457583 1.835703555650813 2.7818154311413537 4.333352912427847 5.935899970478192 8.058740920084443 9.78021269610698 11.122304478467411 13.193073741123625 16.088134716928906 22.65715879680452 24.450069721817147 27.697718120583676 29.883588505129016 35.25949744447524 39.128394395903015 41.5241207603621
1.019689851493104 1.633498464682404 2.720563878494733 3.886439310759765 6.509872497172925 11.068710689898083 15.38006130273318 18.260789247348672 22.19824297827492 25.084183878571444 26.63454189094005 29.071863010366393 32.390704103245916 39.41596293555313 41.35411874006884 44.81693386730922 49.01350321490018 54.424600467397674 58.85629609823776 69.439552100609
1.7597338318784048 3.5798289370438017 5.602388048061595 9.005562259107764 13.363407094657575 19.29534199604871 24.415623356069727 28.179162201343253 34.50428799149842 38.87531418818043 43.03233086611574 46.528964915555875 49.84780600843539 58.75449377589926 60.88478289747072 64.58816659114065 69.18402438805461 74.95370691324223 79.91465359953071 91.0240118643056
3.7341792736541315 12.320612469926115 17.540863566063678 23.280572950319165 29.984287589594786 37.97541598666073 45.569683904774074 50.73540248458649 58.792969636279906 63.35139249671473 68.74362078829549 73.27034841770642 76.7082604790717 85.71207623772848 88.68072661788862 92.24497706238161 95.6074926458892 101.19327444040525 106.50919512130345 115.46699288712317
8.458625438630623 23.032985191355383 33.254522838659575 46.90126470848134 60.67389145940089 74.11555038816326 85.973253517636 96.83014427033694 105.45860076289304 110.46919441557854 116.33732786171976 121.11748845761849 124.84230151170702 134.62481632500774 137.88897781853825 141.75630275579357 144.05575747062488 149.70608802309093 154.70757816586806 160.34441016871216
11.099048991516783 30.56299234419971 44.63064389527079 63.36909605457217 80.81025084276914 94.76589334653647 107.1003825253621 118.27188067549707 127.12093837257467 133.0204482148161 139.134885571739 143.55875124485544 147.84767514366726 157.90450247501406 160.95516562355365 164.82249056080903 167.12194527564031 173.8684912910317 179.7864458247661 183.88065451398955
13.386045852411886 36.31115039206706 51.74182430779482 71.38356321108809 89.47846897544993 104.42584248866994 119.59343699832547 131.1434675224325 140.26002866961548 146.52826808319077 152.41834369328922 156.8422093664055 160.78469335522416 170.841520686571 173.91224716319695 178.24697404076252 180.54642875559378 187.46820424604473 193.50601609876784 197.3126616815578
15.073134229395002 39.22403128707213 55.92227982605136 76.21752625052474 95.53893372995267 110.9151270753826 126.48506455986632 138.24069081685818 148.63189940397865 155.30303218612127 161.61064087606732 173.93013227001381 177.87261625883238 188.25653494489376 191.69237147452938 197.4626907019232 200.8689993134441 207.3633957360251 212.98667377742004 216.68196100987555
15.073134229395002 39.76276594283888 56.963725867761944 77.5696967596094 99.49518418617578 115.39685519807942 132.6554439023768 144.4110701593685 155.24735600566925 162.96940064325847 169.5942748528224 182.54212653243795 186.33487020456948 196.3588095806594 200.37741128700043 206.14773051439425 210.75671908924727 219.00687229355745 224.6301503349524 228.97262041521657
15.738396628905527 41.639253532931875 58.84021345785492 80.75116556107294 107.13396330583778 124.32836725294182 141.52609340351262 153.95850986861865 165.0336539836059 173.3862726090745 180.01114681863857 193.510748513286 197.74817042109277 210.43628960984188 214.8139170140305 220.5842362414244 225.90854860111756 234.97483024385812 240.598108285253 244.80546127464115
15.738396628905527 43.23592193139902 61.93398549435961 84.53986738651854 111.67526331093651 130.39234877828866 147.5600249070382 163.75314901053392 174.82829312552138 184.7544853652162 193.0292306141172 226.16375740986504 230.53782296069383 243.81165563364513 249.0099850251753 256.28562538708206 263.34577938139734 272.77514197901826 278.39842002041314 282.60577300980134
15.738396628905527 48.47817851008449 67.17624207304507 89.78212396520404 117.82217819994649 138.16931831078807 155.25016985950847 174.21422467766644 185.28936879265402 195.21556103234857 203.28321747481823 236.417744270566 240.79180982139485 253.94050392874004 260.03899788413185 267.31463824603844 274.37479224035377 282.88231801367334 288.01081192833294 292.21816491772125
25.821222939771616 62.65693789477198 81.35500145773261 102.96959212456892 129.79168515012606 147.54384341656834 167.65770187012797 187.5727934208121 199.9243640759168 210.9958409148218 219.0634973572915 253.45945014037565 257.8335156912045 270.9822097985497 277.0807037539416 298.7413844847446 305.80153847905996 314.3090642523795 319.43755816703907 323.36882989242247
28.099754346848133 67.19278062290826 85.89084418586887 108.7277348004562 135.62038435388544 153.1543629563028 173.22384619495028 194.33944041128655 206.62543946716804 218.6396554481442 227.83774471373806 264.67441636052536 281.69254291160854 294.84123701895345 300.9397309743455 326.457837159739 333.51799115405413 342.9625685840608 348.09106249872025 353.44192747962876
36.590851376288626 75.68387765234878 97.0723643386254 124.09787174988936 163.02786407489458 179.57465409251108 199.502645694516 220.6182399108521 232.9042389667337 244.35284121472876 256.1044618514502 292.9411334982378 309.9592600493206 323.1079541566657 329.2064481120575 357.6495766985152 364.7097306928305 372.7356316575661 377.8641255722255 383.21499055313404
38.07352372092287 83.13378316741728 109.23446332835022 139.3510609898669 192.47282007728327 212.0810581017012 230.95515996664102 251.68696126395383 263.62474333023965 275.07334557823486 290.02461105575907 326.8612827025462 343.879409253629 357.0281033609741 363.12659731636603 393.1498350682774 401.18920725344 410.52869529139025 415.4126030937413 420.7634680746498
38.07352372092287 88.26683734540318 114.3675175063361 151.1419552789432 209.00893885209027 231.5819291080809 251.51969790263098 273.83197255883954 285.5940050202599 297.042607268255 313.8888484332578 350.725520080045 367.7436466311279 380.34004189021414 386.4385358456062 425.75250802866776 435.64771083276014 444.98719887071036 449.83557843595565 455.1864434168641
38.07352372092287 93.89594068556298 119.99662084649592 156.771058619103 214.63804219225008 243.34271453380182 262.60987171028074 284.9221463664892 298.47440163090715 311.39071547346333 328.236956638466 365.0736282852534 382.0917548363364 394.6881500954226 400.7866440508145 440.07253795819616 449.96774076228843 461.50425912727843 470.68570562814705 473.9575983561829
38.07352372092287 96.07730012330634 122.17798028423925 158.95241805684643 218.91142531262904 245.5240739715452 266.7307580960406 289.04303275224896 302.50763406076646 315.4239479033226 334.29810014990574 371.13477179669314 388.1528983477761 407.2727062931752 417.6954797645885 456.95754740564814 466.8527502097405 478.38926857473047 487.5707150755991 490.842607803635
