0.0 9.0 17.0 22.0 48.0 69.0 98.0 113.0 137.0 143.0 150.0 154.0 160.0 164.0 171.0 179.0 185.0 197.0 206.0 210.0
3.0 29.0 41.0 57.0 108.0 142.0 187.0 224.0 263.0 287.0 303.0 323.0 346.0 393.0 405.0 424.0 435.0 460.0 476.0 485.0
28.0 62.0 96.0 130.0 212.0 306.0 390.0 444.0 504.0 540.0 558.0 581.0 607.0 656.0 668.0 688.0 708.0 733.0 751.0 788.0
38.0 88.0 135.0 201.0 304.0 414.0 507.0 570.0 651.0 698.0 733.0 762.0 788.0 846.0 859.0 880.0 901.0 927.0 946.0 983.0
55.0 166.0 240.0 325.0 447.0 573.0 683.0 755.0 847.0 895.0 936.0 970.0 996.0 1054.0 1070.0 1090.0 1103.0 1127.0 1147.0 1174.0
81.0 228.0 330.0 457.0 615.0 768.0 898.0 997.0 1091.0 1141.0 1184.0 1219.0 1246.0 1307.0 1324.0 1345.0 1353.0 1376.0 1394.0 1407.0
92.0 260.0 379.0 528.0 702.0 857.0 989.0 1089.0 1183.0 1236.0 1279.0 1312.0 1341.0 1402.0 1418.0 1439.0 1447.0 1470.0 1489.0 1497.0
99.0 278.0 401.0 553.0 729.0 887.0 1027.0 1128.0 1222.0 1276.0 1318.0 1351.0 1379.0 1440.0 1455.0 1477.0 1485.0 1507.0 1522.0 1528.0
103.0 285.0 411.0 564.0 743.0 902.0 1043.0 1142.0 1236.0 1290.0 1332.0 1364.0 1392.0 1453.0 1468.0 1490.0 1498.0 1519.0 1533.0 1538.0
103.0 286.0 413.0 566.0 750.0 910.0 1054.0 1153.0 1247.0 1302.0 1343.0 1376.0 1403.0 1462.0 1477.0 1499.0 1507.0 1526.0 1540.0 1545.0
104.0 289.0 416.0 571.0 762.0 924.0 1067.0 1166.0 1259.0 1315.0 1356.0 1388.0 1413.0 1472.0 1485.0 1507.0 1515.0 1535.0 1549.0 1553.0
104.0 291.0 420.0 576.0 767.0 932.0 1074.0 1178.0 1271.0 1329.0 1372.0 1417.0 1437.0 1495.0 1509.0 1530.0 1526.0 1545.0 1559.0 1563.0
104.0 297.0 426.0 582.0 772.0 937.0 1078.0 1185.0 1278.0 1336.0 1378.0 1423.0 1443.0 1500.0 1514.0 1535.0 1531.0 1549.0 1562.0 1566.0
114.0 311.0 440.0 595.0 782.0 940.0 1084.0 1191.0 1282.0 1341.0 1383.0 1427.0 1447.0 1504.0 1518.0 1526.0 1522.0 1540.0 1553.0 1556.0
116.0 315.0 444.0 600.0 787.0 943.0 1086.0 1194.0 1284.0 1342.0 1384.0 1429.0 1457.0 1514.0 1528.0 1533.0 1529.0 1547.0 1560.0 1563.0
122.0 321.0 452.0 611.0 801.0 946.0 1087.0 1195.0 1285.0 1337.0 1380.0 1425.0 1453.0 1510.0 1524.0 1527.0 1523.0 1540.0 1553.0 1556.0
123.0 326.0 460.0 621.0 813.0 944.0 1078.0 1182.0 1268.0 1320.0 1364.0 1409.0 1437.0 1494.0 1508.0 1510.0 1506.0 1523.0 1535.0 1538.0
123.0 329.0 463.0 628.0 821.0 941.0 1069.0 1173.0 1257.0 1309.0 1354.0 1399.0 1427.0 1483.0 1497.0 1499.0 1495.0 1512.0 1523.0 1526.0
123.0 332.0 466.0 631.0 824.0 940.0 1065.0 1169.0 1251.0 1303.0 1348.0 1393.0 1421.0 1477.0 1491.0 1492.0 1488.0 1506.0 1518.0 1519.0
123.0 333.0 467.0 632.0 826.0 941.0 1066.0 1170.0 1251.0 1303.0 1348.0 1393.0 1421.0 1477.0 1492.0 1492.0 1488.0 1506.0 1518.0 1519.0
